0 0.333816 0.486021 0.042555 0.046042
0 0.737738 0.492535 0.051555 0.051847
0 0.293238 0.778486 0.072430 0.150000
0 0.918828 0.562375 0.072500 0.056639
0 0.392094 0.636993 0.087781 0.196097
0 0.431441 0.570403 0.034539 0.066194
0 0.432066 0.508264 0.048680 0.058806
0 0.375168 0.475160 0.042648 0.042903
0 0.403980 0.415250 0.032039 0.036972
0 0.290602 0.439660 0.041609 0.036986
0 0.263996 0.407889 0.024727 0.027250
0 0.213004 0.404562 0.023086 0.022931
0 0.734422 0.801319 0.119062 0.174083
0 0.748547 0.577972 0.070609 0.064361
0 0.544289 0.733528 0.073797 0.110306
0 0.301063 0.596229 0.042797 0.074347
0 0.897281 0.460250 0.070922 0.064389
0 0.508844 0.566375 0.054641 0.063167
0 0.328020 0.541375 0.038570 0.062972
0 0.292254 0.506646 0.039008 0.062097
0 0.251699 0.551090 0.041086 0.049458
0 0.322051 0.417250 0.041477 0.034167
