0 0.488238 0.433187 0.034539 0.041042
0 0.409402 0.675194 0.059086 0.113833
0 0.700340 0.598917 0.066695 0.071306
0 0.715336 0.513646 0.055375 0.059792
0 0.456187 0.604014 0.051344 0.077194
0 0.774734 0.870417 0.118641 0.148306
0 0.576258 0.483083 0.050875 0.052889
0 0.877773 0.645674 0.082687 0.071264
0 0.267227 0.587076 0.047422 0.076542
0 0.521508 0.653722 0.071312 0.110250
0 0.850840 0.694007 0.089523 0.083181
0 0.340656 0.542938 0.051359 0.061986
0 0.249285 0.917028 0.102055 0.165944
0 0.366016 0.435333 0.040141 0.026222
0 0.313867 0.424868 0.029781 0.021958
0 0.673508 0.958521 0.119922 0.082958
0 0.423734 0.540111 0.063844 0.079000
0 0.495664 0.549389 0.051391 0.062139
0 0.597602 0.461188 0.032656 0.037347
0 0.444859 0.462042 0.039734 0.038833
0 0.456926 0.446500 0.035992 0.038833
0 0.284801 0.690958 0.060633 0.132806
0 0.371738 0.408778 0.033289 0.025528
0 0.312969 0.402493 0.029750 0.023292
0 0.236098 0.522507 0.036195 0.056958
0 0.243770 0.408396 0.031023 0.027208
0 0.229852 0.448347 0.037031 0.038833
0 0.266156 0.484785 0.040156 0.045125
