0 0.628344 0.879889 0.121156 0.189056
0 0.471734 0.973458 0.106984 0.053083
0 0.651344 0.444938 0.123250 0.080431
0 0.962680 0.604542 0.074641 0.071000
0 0.258871 0.552639 0.041852 0.070833
0 0.424316 0.562500 0.052336 0.076944
0 0.264129 0.944931 0.104164 0.110139
0 0.283770 0.406104 0.029414 0.029375
0 0.301566 0.428187 0.030352 0.035819
0 0.565293 0.478840 0.051898 0.052153
0 0.682031 0.497563 0.052500 0.052875
0 0.800590 0.506889 0.063258 0.047667
0 0.567648 0.498556 0.055547 0.091250
0 0.778430 0.655236 0.084578 0.071583
0 0.332496 0.536979 0.043039 0.062375
0 0.301055 0.650069 0.051656 0.093056
0 0.821996 0.559021 0.068773 0.055764
0 0.709703 0.551840 0.060687 0.062014
0 0.341453 0.431896 0.033578 0.032708
0 0.364156 0.412549 0.023906 0.029375
0 0.390074 0.433090 0.028742 0.042264
0 0.506871 0.427076 0.103602 0.094069
0 0.322246 0.476000 0.040992 0.045722
0 0.374840 0.511958 0.046930 0.050500
0 0.276625 0.482896 0.040281 0.058431
