0 0.842543 0.615944 0.072773 0.069472
0 0.284766 0.627458 0.060000 0.107306
0 0.736105 0.518403 0.052773 0.050639
0 0.270055 0.437451 0.037578 0.029403
0 0.226539 0.405951 0.025359 0.032319
0 0.254859 0.402431 0.025891 0.031028
0 0.297922 0.404847 0.029672 0.028139
0 0.343590 0.418271 0.025352 0.023014
0 0.463488 0.450069 0.038352 0.044111
0 0.517461 0.433743 0.046406 0.035514
0 0.662988 0.469090 0.048336 0.038958
0 0.232293 0.442069 0.024273 0.032250
0 0.464762 0.522542 0.062555 0.060583
0 0.231793 0.467576 0.032023 0.038125
0 0.274961 0.464604 0.035375 0.035153
0 0.325230 0.449757 0.041773 0.043069
0 0.990824 0.642319 0.018023 0.057972
0 0.438078 0.582187 0.048578 0.062819
0 0.623305 0.679708 0.078016 0.101861
0 0.552844 0.472118 0.052297 0.055625
0 0.262273 0.898542 0.121719 0.191667
0 0.778332 0.642958 0.087617 0.117111
0 0.616543 0.497646 0.051570 0.059653
0 0.700043 0.537701 0.057023 0.058625
0 0.476270 0.632667 0.059898 0.081889
0 0.380426 0.514111 0.045727 0.057528
0 0.385168 0.483437 0.041414 0.040653
0 0.545215 0.586972 0.062977 0.080528
0 0.327641 0.539361 0.041125 0.063167
0 0.202629 0.473785 0.026133 0.029681
0 0.291715 0.503799 0.038445 0.049764
