0 0.398883 0.450090 0.035781 0.038097
0 0.427906 0.436771 0.040156 0.039569
0 0.479328 0.611806 0.064609 0.092083
0 0.380457 0.617750 0.059602 0.101000
0 0.309672 0.466542 0.039891 0.043083
0 0.273320 0.485111 0.040266 0.052361
0 0.238086 0.533167 0.036172 0.047722
0 0.266609 0.408549 0.021625 0.026514
0 0.239391 0.408549 0.026844 0.026514
0 0.193719 0.395299 0.014547 0.026514
0 0.595078 0.463562 0.038031 0.054347
0 0.321230 0.408882 0.026477 0.027181
0 0.966715 0.707667 0.066570 0.065278
0 0.555895 0.462618 0.056648 0.053097
0 0.324121 0.428444 0.034852 0.025889
0 0.497332 0.481389 0.042758 0.038750
0 0.462691 0.949444 0.114289 0.095083
0 0.762918 0.409319 0.037430 0.050444
0 0.686523 0.742688 0.090188 0.116347
0 0.271941 0.832722 0.080508 0.161889
0 0.275813 0.707993 0.062688 0.101264
0 0.608117 0.889674 0.110719 0.182292
0 0.768801 0.568944 0.067367 0.067306
0 0.814422 0.519597 0.059906 0.057917
0 0.772852 0.652861 0.078312 0.090583
0 0.635223 0.557438 0.058961 0.051931
