0 0.599711 0.642813 0.076234 0.089681
0 0.562109 0.488326 0.045625 0.037986
0 0.567082 0.448132 0.042648 0.036236
0 0.985582 0.636264 0.028383 0.087583
0 0.507133 0.464465 0.040359 0.037986
0 0.423809 0.421687 0.037070 0.034153
0 0.668086 0.521965 0.043828 0.044931
0 0.340457 0.421069 0.031586 0.039028
0 0.307414 0.529340 0.047016 0.072653
0 0.382117 0.624201 0.050766 0.077236
0 0.239656 0.521167 0.040266 0.063167
0 0.195996 0.438944 0.016695 0.028333
0 0.188969 0.393563 0.024094 0.020153
0 0.192770 0.474021 0.015555 0.041819
0 0.434535 0.899118 0.109195 0.201764
0 0.861547 0.704299 0.105906 0.095014
0 0.830715 0.615632 0.071617 0.069292
0 0.631934 0.561507 0.052461 0.050625
0 0.273965 0.839493 0.085648 0.135764
0 0.853082 0.942514 0.107055 0.108250
0 0.180996 0.416028 0.012398 0.021833
0 0.232375 0.398493 0.015703 0.021625
0 0.255348 0.403958 0.023148 0.022889
0 0.299656 0.465257 0.052187 0.046097
