0 0.839027 0.618604 0.091758 0.080875
0 0.722699 0.548438 0.064523 0.070153
0 0.595125 0.528715 0.048922 0.060597
0 0.499820 0.556868 0.065250 0.073042
0 0.491508 0.462472 0.038531 0.040222
0 0.447813 0.457743 0.046500 0.048264
0 0.440617 0.581764 0.052109 0.067083
0 0.353422 0.465382 0.048797 0.066292
0 0.533020 0.679417 0.070008 0.105194
0 0.626020 0.499549 0.052102 0.053181
0 0.285586 0.599479 0.073828 0.172292
0 0.342207 0.544208 0.040086 0.067778
0 0.248141 0.520347 0.044344 0.079861
0 0.970797 0.740833 0.058406 0.148444
0 0.835672 0.554597 0.085047 0.072833
0 0.516969 0.440250 0.051031 0.044500
0 0.433441 0.426771 0.033211 0.040653
0 0.363637 0.435972 0.036102 0.034222
0 0.384219 0.424847 0.019016 0.025667
0 0.325727 0.418639 0.029125 0.033806
0 0.285285 0.406868 0.027680 0.029097
0 0.250891 0.459597 0.037609 0.030667
0 0.242531 0.430764 0.039313 0.029222
0 0.218707 0.398292 0.011945 0.022472
0 0.201160 0.398563 0.022992 0.024431
0 0.183797 0.391694 0.007125 0.017833
0 0.172426 0.390715 0.014680 0.018014
