0 0.628617 0.510549 0.052250 0.047597
0 0.409316 0.582924 0.053508 0.068403
0 0.352504 0.413264 0.024742 0.037472
0 0.390766 0.585007 0.090297 0.082125
0 0.369398 0.587653 0.046719 0.076750
0 0.443539 0.502944 0.049437 0.066778
0 0.401004 0.677424 0.060992 0.114903
0 0.657918 0.699174 0.088586 0.113542
0 0.544996 0.502125 0.044727 0.050056
0 0.308668 0.521285 0.039961 0.057486
0 0.920125 0.651618 0.100234 0.102764
0 0.766156 0.642278 0.077375 0.085111
0 0.597602 0.826569 0.094047 0.139778
0 0.496652 0.628722 0.063570 0.102194
0 0.702230 0.498611 0.056852 0.056694
0 0.649062 0.565236 0.059375 0.054639
0 0.467348 0.445924 0.040352 0.036014
0 0.418672 0.430764 0.042344 0.043194
0 0.888891 0.931986 0.178937 0.136028
0 0.239805 0.918646 0.120125 0.162708
0 0.663980 0.966903 0.110305 0.066194
0 0.972469 0.856292 0.055063 0.177611
0 0.543883 0.456486 0.050969 0.047528
0 0.467297 0.424549 0.034812 0.029208
0 0.296852 0.418118 0.032031 0.033181
0 0.263152 0.414653 0.020336 0.022278
0 0.257027 0.478521 0.035367 0.047042
0 0.334172 0.482972 0.043172 0.045056
0 0.375391 0.518132 0.045953 0.050014
0 0.381238 0.477778 0.041492 0.045556
0 0.251871 0.446090 0.037320 0.039597
0 0.202437 0.449799 0.020328 0.035153
