0 0.394398 0.691528 0.059344 0.093444
0 0.560852 0.510090 0.048672 0.048569
0 0.289469 0.501903 0.037484 0.041806
0 0.227262 0.470313 0.069102 0.060264
0 0.745027 0.559569 0.055695 0.054778
0 0.240484 0.466326 0.041906 0.049708
0 0.502387 0.554028 0.049195 0.056472
0 0.267316 0.539250 0.040164 0.069194
0 0.620637 0.550562 0.052273 0.055542
0 0.866848 0.720812 0.096039 0.097514
0 0.506477 0.444167 0.121219 0.132667
0 0.220391 0.402972 0.028875 0.021250
0 0.348348 0.433639 0.035367 0.029167
0 0.223855 0.425465 0.035367 0.029653
0 0.430785 0.501722 0.049852 0.055500
0 0.369793 0.513819 0.050414 0.053972
0 0.664883 0.492410 0.049609 0.033736
0 0.452641 0.958257 0.121219 0.083486
0 0.733164 0.623410 0.072109 0.070431
0 0.779273 0.545604 0.044672 0.039958
0 0.653988 0.521833 0.049055 0.032556
