0 0.677402 0.962278 0.111102 0.075444
0 0.285176 0.631924 0.046227 0.073569
0 0.275297 0.589500 0.042875 0.060306
0 0.329711 0.545646 0.043516 0.063931
0 0.341758 0.494667 0.041000 0.048278
0 0.346520 0.464139 0.042977 0.037722
0 0.546820 0.580799 0.070734 0.101708
0 0.500012 0.483785 0.051180 0.053264
0 0.449563 0.466403 0.036406 0.044389
0 0.537352 0.435889 0.037656 0.035139
0 0.315648 0.418153 0.031859 0.029278
0 0.393195 0.441000 0.035625 0.041028
0 0.282738 0.782111 0.078508 0.169556
0 0.663152 0.476292 0.043758 0.030861
0 0.811191 0.676153 0.085023 0.082917
0 0.682719 0.721694 0.086203 0.128083
0 0.522504 0.693181 0.066523 0.116250
0 0.676910 0.580743 0.062211 0.066819
0 0.929129 0.608486 0.083602 0.075306
0 0.397578 0.657521 0.069687 0.137236
0 0.596523 0.529813 0.038641 0.048931
0 0.474613 0.424194 0.052195 0.042417
0 0.215387 0.437167 0.034180 0.032944
0 0.265574 0.448507 0.042602 0.041931
0 0.241383 0.468625 0.036109 0.035083
0 0.202629 0.477181 0.032258 0.050500
0 0.238371 0.522542 0.037789 0.049639
0 0.236730 0.402833 0.029945 0.031944
0 0.265930 0.410382 0.026453 0.025736
0 0.377191 0.418965 0.028164 0.038125
0 0.610254 0.474090 0.050336 0.051625
0 0.447281 0.573403 0.053781 0.065833
0 0.979398 0.580125 0.041125 0.071694
0 0.936516 0.692208 0.085641 0.076556
0 0.895324 0.962799 0.157008 0.074403
