0 0.559059 0.775174 0.082117 0.124764
0 0.825617 0.553174 0.072453 0.071042
0 0.765852 0.602361 0.068687 0.075500
0 0.835090 0.689382 0.090305 0.084542
0 0.485961 0.466681 0.033984 0.043111
0 0.555629 0.460847 0.035242 0.038972
0 0.282715 0.652715 0.056102 0.099875
0 0.502848 0.649896 0.069930 0.107847
0 0.245195 0.468882 0.037844 0.045958
0 0.352063 0.438153 0.024984 0.019639
0 0.474445 0.467375 0.056922 0.043306
0 0.194422 0.391826 0.015687 0.029736
0 0.212754 0.391306 0.020789 0.026639
0 0.389754 0.427431 0.034820 0.033194
0 0.322617 0.527451 0.047531 0.067681
0 0.970121 0.721035 0.059758 0.097958
0 0.622570 0.456389 0.046328 0.035361
0 0.633301 0.478215 0.048789 0.035903
0 0.616426 0.504597 0.053617 0.052778
0 0.384590 0.480979 0.044945 0.050486
0 0.305031 0.405431 0.028203 0.022444
0 0.273871 0.409972 0.027398 0.024361
0 0.323727 0.424507 0.028969 0.035153
0 0.263012 0.546049 0.043445 0.063375
0 0.432387 0.948722 0.129273 0.102556
