0 0.385340 0.626479 0.058383 0.094069
0 0.585547 0.523118 0.048281 0.045514
0 0.454930 0.587201 0.055906 0.070347
0 0.274688 0.601160 0.042344 0.069625
0 0.850078 0.562396 0.061766 0.079153
0 0.718422 0.604090 0.064609 0.080347
0 0.528711 0.726479 0.068359 0.103097
0 0.306184 0.413299 0.020102 0.019597
0 0.575605 0.480167 0.052039 0.051056
0 0.482926 0.471910 0.041492 0.029542
0 0.785410 0.561993 0.099039 0.095264
0 0.411672 0.434715 0.027391 0.026347
0 0.375742 0.440729 0.035453 0.031514
0 0.211715 0.408611 0.029523 0.040611
0 0.251262 0.400194 0.025070 0.027722
0 0.267273 0.485597 0.044844 0.053972
0 0.258504 0.551201 0.043445 0.054458
0 0.347066 0.488083 0.046227 0.061889
0 0.454012 0.518528 0.049570 0.058417
0 0.819852 0.924958 0.158234 0.150083
0 0.429453 0.936924 0.144375 0.126153
0 0.480492 0.435563 0.034641 0.035542
0 0.173789 0.390903 0.016953 0.026250
0 0.188441 0.388264 0.012508 0.025306
0 0.613719 0.476444 0.036594 0.034639
